{
    "fl_x": 1676.0808995417506,
    "fl_y": 1676.2155921512979,
    "cx": 961.425586425964,
    "cy": 530.8448837891121,
    "w": 1920,
    "h": 1080,
    "camera_model": "OPENCV",
    "k1": 0.08796112054957828,
    "k2": -0.18122490106802203,
    "p1": 0.0008874401497774508,
    "p2": -0.00017879014667705656,
    "frames": [
        {
            "file_path": "images/frame_00302.png",
            "transform_matrix": [
                [
                    -0.12951026620548964,
                    -0.9719371393035537,
                    -0.19638046794375386,
                    2.884432798907426
                ],
                [
                    -0.9915766140482154,
                    0.1266040891569197,
                    0.02733538149400573,
                    4.222620586661338
                ],
                [
                    -0.001705702218826608,
                    0.19826649200298888,
                    -0.9801466669477427,
                    1.6351505600272316
                ],
                [
                    0.0,
                    0.0,
                    0.0,
                    1.0
                ]
            ]
        },
        {
            "file_path": "images/frame_00301.png",
            "transform_matrix": [
                [
                    -0.1735520447727225,
                    -0.9594459642532696,
                    -0.22213313447867414,
                    2.8197375022523414
                ],
                [
                    -0.9746415852846717,
                    0.1996836192006888,
                    -0.1009962002091984,
                    4.157382352973913
                ],
                [
                    0.14125674493272558,
                    0.1989720932719664,
                    -0.9697714360146844,
                    1.6214530541445769
                ],
                [
                    0.0,
                    0.0,
                    0.0,
                    1.0
                ]
            ]
        },
        {
            "file_path": "images/frame_00300.png",
            "transform_matrix": [
                [
                    -0.21207126910059715,
                    -0.9527482033484804,
                    -0.2174779019539794,
                    2.755187343043843
                ],
                [
                    -0.9353174455587694,
                    0.2623729879064462,
                    -0.23736404793157292,
                    4.1259170376163325
                ],
                [
                    0.28320849714561946,
                    0.1530727808373729,
                    -0.9467637883396433,
                    1.6314694290724763
                ],
                [
                    0.0,
                    0.0,
                    0.0,
                    1.0
                ]
            ]
        },
        {
            "file_path": "images/frame_00299.png",
            "transform_matrix": [
                [
                    -0.23359372781602525,
                    -0.9369682879670783,
                    -0.25985457022930136,
                    2.715873841735909
                ],
                [
                    -0.785761003868892,
                    0.3393199236258842,
                    -0.5171475942412137,
                    4.146469502026963
                ],
                [
                    0.5727247289265267,
                    0.08338115359340106,
                    -0.8154961484283477,
                    1.5980527456877114
                ],
                [
                    0.0,
                    0.0,
                    0.0,
                    1.0
                ]
            ]
        },
        {
            "file_path": "images/frame_00298.png",
            "transform_matrix": [
                [
                    -0.2009031736863252,
                    -0.8784995011020023,
                    -0.43344727633968966,
                    2.7480933916708903
                ],
                [
                    -0.4632761271459927,
                    0.4750661151484243,
                    -0.7481225944017423,
                    4.144187218640962
                ],
                [
                    0.8631414396374283,
                    0.050505571982872824,
                    -0.5024301368143741,
                    1.4969821403319736
                ],
                [
                    0.0,
                    0.0,
                    0.0,
                    1.0
                ]
            ]
        },
        {
            "file_path": "images/frame_00297.png",
            "transform_matrix": [
                [
                    -0.15885362503613654,
                    -0.8013046452015761,
                    -0.5767810601877067,
                    2.776353106345656
                ],
                [
                    -0.1890759337566859,
                    0.5980768191405373,
                    -0.7788160307035121,
                    4.04946375787474
                ],
                [
                    0.969028284977748,
                    -0.014662332185345878,
                    -0.24651409478561398,
                    1.3782317077362456
                ],
                [
                    0.0,
                    0.0,
                    0.0,
                    1.0
                ]
            ]
        },
        {
            "file_path": "images/frame_00296.png",
            "transform_matrix": [
                [
                    -0.10649742746755472,
                    -0.7312652563098628,
                    -0.6737280036163432,
                    2.737598991509432
                ],
                [
                    0.0445915513931505,
                    0.6733871664796943,
                    -0.7379439799637912,
                    3.93762112678389
                ],
                [
                    0.9933125849837731,
                    -0.10863171237957543,
                    -0.03910574866098692,
                    1.349254187104488
                ],
                [
                    0.0,
                    0.0,
                    0.0,
                    1.0
                ]
            ]
        },
        {
            "file_path": "images/frame_00295.png",
            "transform_matrix": [
                [
                    -0.07416264031948913,
                    -0.7073887098155069,
                    -0.7029232646643546,
                    2.6467412593193984
                ],
                [
                    0.1683088656870162,
                    0.6858743329649462,
                    -0.7079890713217538,
                    3.859405394232246
                ],
                [
                    0.9829405010029811,
                    -0.17081455618723593,
                    0.0681935398888011,
                    1.4052223164361686
                ],
                [
                    0.0,
                    0.0,
                    0.0,
                    1.0
                ]
            ]
        },
        {
            "file_path": "images/frame_00294.png",
            "transform_matrix": [
                [
                    -0.06472343985495202,
                    -0.6887486836202081,
                    -0.7221053435232098,
                    2.5497187708128677
                ],
                [
                    0.23240944306013325,
                    0.6933198946831596,
                    -0.6821241634871256,
                    3.7734972157210747
                ],
                [
                    0.9704621203889521,
                    -0.21197352298804378,
                    0.1151976494648053,
                    1.5089865309564814
                ],
                [
                    0.0,
                    0.0,
                    0.0,
                    1.0
                ]
            ]
        },
        {
            "file_path": "images/frame_00293.png",
            "transform_matrix": [
                [
                    -0.06296615144485655,
                    -0.673257839724003,
                    -0.7367218912333146,
                    2.47220783786113
                ],
                [
                    0.25189306535528466,
                    0.7035667236888034,
                    -0.6644875837393208,
                    3.6874657171464493
                ],
                [
                    0.9657044824365999,
                    -0.2274153613280589,
                    0.12528809214720532,
                    1.6132038885190971
                ],
                [
                    0.0,
                    0.0,
                    0.0,
                    1.0
                ]
            ]
        },
        {
            "file_path": "images/frame_00292.png",
            "transform_matrix": [
                [
                    -0.04693724230938011,
                    -0.6546302148519578,
                    -0.754490673956458,
                    2.4197446284863915
                ],
                [
                    0.30785102419472576,
                    0.7090774215086334,
                    -0.6343791903971362,
                    3.612375814006659
                ],
                [
                    0.9502760873486444,
                    -0.26204673649856314,
                    0.16824644336152744,
                    1.7174847667747872
                ],
                [
                    0.0,
                    0.0,
                    0.0,
                    1.0
                ]
            ]
        },
        {
            "file_path": "images/frame_00291.png",
            "transform_matrix": [
                [
                    -0.013104357838080357,
                    -0.6318292336108083,
                    -0.7749968357099469,
                    2.2966228409797935
                ],
                [
                    0.4032966395776623,
                    0.7058851236732293,
                    -0.5823040551826812,
                    3.501761329492729
                ],
                [
                    0.9149754621360165,
                    -0.32018434023482245,
                    0.24556443544897713,
                    1.858123720026985
                ],
                [
                    0.0,
                    0.0,
                    0.0,
                    1.0
                ]
            ]
        },
        {
            "file_path": "images/frame_00290.png",
            "transform_matrix": [
                [
                    0.01894474959949167,
                    -0.6216350851657699,
                    -0.7830778488461786,
                    2.1672990602060134
                ],
                [
                    0.46305765525530407,
                    0.6996097773136286,
                    -0.5441725529614985,
                    3.421053415361668
                ],
                [
                    0.8861256707556059,
                    -0.35230097981430714,
                    0.3011068170098555,
                    2.0003621564211636
                ],
                [
                    0.0,
                    0.0,
                    0.0,
                    1.0
                ]
            ]
        },
        {
            "file_path": "images/frame_00289.png",
            "transform_matrix": [
                [
                    0.04279263463731736,
                    -0.6349137632892845,
                    -0.7713969818495763,
                    2.0755297830140127
                ],
                [
                    0.5085618521101865,
                    0.678431427867041,
                    -0.5301845341581974,
                    3.3842409949243635
                ],
                [
                    0.8599614136686912,
                    -0.36961508474104027,
                    0.3519247876078349,
                    2.1379894550301337
                ],
                [
                    0.0,
                    0.0,
                    0.0,
                    1.0
                ]
            ]
        },
        {
            "file_path": "images/frame_00288.png",
            "transform_matrix": [
                [
                    0.08106750374709318,
                    -0.6689125138004707,
                    -0.7389073749241848,
                    1.9401044013605973
                ],
                [
                    0.5823601561688657,
                    0.6334289580581809,
                    -0.509533515679098,
                    3.348859727779712
                ],
                [
                    0.8088786734382294,
                    -0.38900360406359025,
                    0.4408985004310495,
                    2.2630908331369275
                ],
                [
                    0.0,
                    0.0,
                    0.0,
                    1.0
                ]
            ]
        },
        {
            "file_path": "images/frame_00287.png",
            "transform_matrix": [
                [
                    0.12355744897421983,
                    -0.7130528057619603,
                    -0.6901371262278094,
                    1.7981918450661587
                ],
                [
                    0.6519360812367491,
                    0.5826514634830017,
                    -0.48527993785318096,
                    3.288643317841989
                ],
                [
                    0.7481396278667866,
                    -0.3899653424294428,
                    0.5368557803723765,
                    2.3548398291633648
                ],
                [
                    0.0,
                    0.0,
                    0.0,
                    1.0
                ]
            ]
        },
        {
            "file_path": "images/frame_00286.png",
            "transform_matrix": [
                [
                    0.1475938332492544,
                    -0.7752223398404824,
                    -0.614203862084112,
                    1.6144226866159488
                ],
                [
                    0.6948767274131668,
                    0.523192500455783,
                    -0.4933720109272443,
                    3.2146815945566773
                ],
                [
                    0.7038198591162078,
                    -0.35397730333889077,
                    0.6159039491954635,
                    2.442972100577658
                ],
                [
                    0.0,
                    0.0,
                    0.0,
                    1.0
                ]
            ]
        },
        {
            "file_path": "images/frame_00285.png",
            "transform_matrix": [
                [
                    0.13695876650583907,
                    -0.8289088594825613,
                    -0.5423581832594753,
                    1.4601602137547056
                ],
                [
                    0.7222646411782958,
                    0.45826779183160166,
                    -0.5180004045108221,
                    3.1715436229422957
                ],
                [
                    0.6779204115386899,
                    -0.3207814421706893,
                    0.6614553514622931,
                    2.5417022115434627
                ],
                [
                    0.0,
                    0.0,
                    0.0,
                    1.0
                ]
            ]
        },
        {
            "file_path": "images/frame_00284.png",
            "transform_matrix": [
                [
                    0.1186976427625544,
                    -0.8393722976121774,
                    -0.5304385125571741,
                    1.3416835361674564
                ],
                [
                    0.725440762475413,
                    0.43807147629263504,
                    -0.530875768704772,
                    3.130564540509485
                ],
                [
                    0.6779723960027461,
                    -0.32178801665078494,
                    0.6609129311779652,
                    2.6476185547178255
                ],
                [
                    0.0,
                    0.0,
                    0.0,
                    1.0
                ]
            ]
        },
        {
            "file_path": "images/frame_00283.png",
            "transform_matrix": [
                [
                    0.11093047853098162,
                    -0.7911401257522465,
                    -0.601491255429044,
                    1.2912975637986142
                ],
                [
                    0.7015680733546894,
                    0.49101174579593215,
                    -0.5164394484737005,
                    3.04258571947581
                ],
                [
                    0.703915241618106,
                    -0.36469818605958393,
                    0.6095068217030654,
                    2.771336305295966
                ],
                [
                    0.0,
                    0.0,
                    0.0,
                    1.0
                ]
            ]
        },
        {
            "file_path": "images/frame_00282.png",
            "transform_matrix": [
                [
                    0.11759681894480849,
                    -0.7220731195827229,
                    -0.6817487793536093,
                    1.2741227242852975
                ],
                [
                    0.6860853465628157,
                    0.5554028158003235,
                    -0.46990915019060114,
                    2.9615343330942285
                ],
                [
                    0.7179539577200218,
                    -0.4124780262961247,
                    0.5607173908637135,
                    2.891523565246998
                ],
                [
                    0.0,
                    0.0,
                    0.0,
                    1.0
                ]
            ]
        },
        {
            "file_path": "images/frame_00281.png",
            "transform_matrix": [
                [
                    0.1308813385867817,
                    -0.6682245534607987,
                    -0.7323564851640547,
                    1.2233426210994025
                ],
                [
                    0.7091150403889324,
                    0.5793472090532659,
                    -0.4018863904841697,
                    2.8640415286106684
                ],
                [
                    0.6928390395351112,
                    -0.46672556980982693,
                    0.5496738194436378,
                    3.0709187091072474
                ],
                [
                    0.0,
                    0.0,
                    0.0,
                    1.0
                ]
            ]
        },
        {
            "file_path": "images/frame_00280.png",
            "transform_matrix": [
                [
                    0.15082825696291588,
                    -0.672301306469817,
                    -0.7247494672095357,
                    1.1455322994615615
                ],
                [
                    0.7659716792488699,
                    0.5429406326551962,
                    -0.3442424378263689,
                    2.7720857530235397
                ],
                [
                    0.6249305749362842,
                    -0.5032160795631957,
                    0.5968545499356211,
                    3.164809449884721
                ],
                [
                    0.0,
                    0.0,
                    0.0,
                    1.0
                ]
            ]
        },
        {
            "file_path": "images/frame_00279.png",
            "transform_matrix": [
                [
                    0.16654701034593264,
                    -0.7009828200594207,
                    -0.6934588519345426,
                    1.005248334428503
                ],
                [
                    0.8257033525811955,
                    0.4835563083460401,
                    -0.2904948712024421,
                    2.6521540279471467
                ],
                [
                    0.5389583164596367,
                    -0.5242102465998649,
                    0.6593387221138335,
                    3.248777398012192
                ],
                [
                    0.0,
                    0.0,
                    0.0,
                    1.0
                ]
            ]
        },
        {
            "file_path": "images/frame_00278.png",
            "transform_matrix": [
                [
                    0.18415145195059623,
                    -0.7613092241379598,
                    -0.6216884332098718,
                    0.8931698589807481
                ],
                [
                    0.882435678725298,
                    0.40662755517330434,
                    -0.23656141757777013,
                    2.5611326058203985
                ],
                [
                    0.4328920369527604,
                    -0.5050369259927826,
                    0.7466874766102957,
                    3.3118433559764515
                ],
                [
                    0.0,
                    0.0,
                    0.0,
                    1.0
                ]
            ]
        },
        {
            "file_path": "images/frame_00277.png",
            "transform_matrix": [
                [
                    0.2035341160430272,
                    -0.8442449948955661,
                    -0.49580666816852026,
                    0.8041416868331234
                ],
                [
                    0.9256222370961424,
                    0.330952789077694,
                    -0.1835585072799082,
                    2.512810374850657
                ],
                [
                    0.31905695071525436,
                    -0.4215692588359367,
                    0.8488121242093579,
                    3.3545077296128953
                ],
                [
                    0.0,
                    0.0,
                    0.0,
                    1.0
                ]
            ]
        },
        {
            "file_path": "images/frame_00276.png",
            "transform_matrix": [
                [
                    0.18726805877576128,
                    -0.896459261103278,
                    -0.40161108966825454,
                    0.7592418390930934
                ],
                [
                    0.9569106555286582,
                    0.2588514917868969,
                    -0.13159750201053144,
                    2.475427404511138
                ],
                [
                    0.22192942909418711,
                    -0.3596619223407766,
                    0.9063060355752163,
                    3.431436105711688
                ],
                [
                    0.0,
                    0.0,
                    0.0,
                    1.0
                ]
            ]
        },
        {
            "file_path": "images/frame_00275.png",
            "transform_matrix": [
                [
                    0.1460692089444044,
                    -0.8853065829200257,
                    -0.44147031659764346,
                    0.7861341566857489
                ],
                [
                    0.9576600576908334,
                    0.23845498901414044,
                    -0.16132709666344158,
                    2.41386756793336
                ],
                [
                    0.24809474017388036,
                    -0.39921356747076353,
                    0.8826536848874088,
                    3.5421457747173752
                ],
                [
                    0.0,
                    0.0,
                    0.0,
                    1.0
                ]
            ]
        },
        {
            "file_path": "images/frame_00274.png",
            "transform_matrix": [
                [
                    0.11978184569217007,
                    -0.8527245326541765,
                    -0.5084419149246975,
                    0.8180616372812082
                ],
                [
                    0.9123879637181229,
                    0.2964539965568075,
                    -0.2822467565585009,
                    2.336858867584889
                ],
                [
                    0.39140837127592776,
                    -0.43008824598588197,
                    0.8135254068312266,
                    3.585443873081552
                ],
                [
                    0.0,
                    0.0,
                    0.0,
                    1.0
                ]
            ]
        },
        {
            "file_path": "images/frame_00273.png",
            "transform_matrix": [
                [
                    0.0920323292346494,
                    -0.8303251761547159,
                    -0.5496272848206184,
                    0.8060769937901728
                ],
                [
                    0.7410703377016693,
                    0.4257882500369825,
                    -0.5191523097407713,
                    2.2043316965238695
                ],
                [
                    0.665090072812983,
                    -0.3595336812790757,
                    0.654515643106822,
                    3.6003808697863553
                ],
                [
                    0.0,
                    0.0,
                    0.0,
                    1.0
                ]
            ]
        },
        {
            "file_path": "images/frame_00272.png",
            "transform_matrix": [
                [
                    0.060989336026769064,
                    -0.8301039328933657,
                    -0.5542632600903478,
                    0.7804474358507613
                ],
                [
                    0.4707428639748512,
                    0.5135832014184614,
                    -0.7173795726374699,
                    2.131354376128123
                ],
                [
                    0.8801599041695598,
                    -0.21716297063664153,
                    0.4220886012160251,
                    3.627531948520755
                ],
                [
                    0.0,
                    0.0,
                    0.0,
                    1.0
                ]
            ]
        },
        {
            "file_path": "images/frame_00271.png",
            "transform_matrix": [
                [
                    0.012763625689137229,
                    -0.8239598310445833,
                    -0.5665044454232017,
                    0.683267130592261
                ],
                [
                    -0.032706734593960896,
                    0.5659034135682501,
                    -0.8238225512960922,
                    2.1063707013807127
                ],
                [
                    0.999383489643224,
                    0.02904347322176898,
                    -0.019726056163069966,
                    3.6994792836404566
                ],
                [
                    0.0,
                    0.0,
                    0.0,
                    1.0
                ]
            ]
        },
        {
            "file_path": "images/frame_00270.png",
            "transform_matrix": [
                [
                    -0.009982320571745288,
                    -0.7998394030727267,
                    -0.6001310544941554,
                    0.5810648163372839
                ],
                [
                    -0.44561888418081563,
                    0.5408294104637188,
                    -0.7133914485322282,
                    2.025436943984556
                ],
                [
                    0.8951671147542493,
                    0.2603084287335514,
                    -0.361822274870995,
                    3.8060686789805516
                ],
                [
                    0.0,
                    0.0,
                    0.0,
                    1.0
                ]
            ]
        },
        {
            "file_path": "images/frame_00269.png",
            "transform_matrix": [
                [
                    -0.029802405438483295,
                    -0.7497656927190628,
                    -0.6610319376940758,
                    0.5169904632426401
                ],
                [
                    -0.8092754177424153,
                    0.40625347905259357,
                    -0.42430108295348906,
                    1.8744406765894248
                ],
                [
                    0.5866729198351667,
                    0.5223117046162838,
                    -0.6188742750776705,
                    3.8903575011245546
                ],
                [
                    0.0,
                    0.0,
                    0.0,
                    1.0
                ]
            ]
        },
        {
            "file_path": "images/frame_00268.png",
            "transform_matrix": [
                [
                    -0.03488048308984554,
                    -0.7395859794370849,
                    -0.6721576681995874,
                    0.5317670767420258
                ],
                [
                    -0.9420342190273867,
                    0.2489027935682639,
                    -0.22498650967419434,
                    1.7721629714495712
                ],
                [
                    0.3336987894507278,
                    0.6253478858795334,
                    -0.7053971502246925,
                    3.918990358790798
                ],
                [
                    0.0,
                    0.0,
                    0.0,
                    1.0
                ]
            ]
        },
        {
            "file_path": "images/frame_00267.png",
            "transform_matrix": [
                [
                    -0.00842664673190909,
                    -0.7628646906881507,
                    -0.6465032523708815,
                    0.5167343891403265
                ],
                [
                    -0.9655539826503043,
                    0.17435307023249982,
                    -0.19314894120505982,
                    1.7215238573617089
                ],
                [
                    0.2600663342553017,
                    0.6226061922289025,
                    -0.7380562520467093,
                    3.839751987984695
                ],
                [
                    0.0,
                    0.0,
                    0.0,
                    1.0
                ]
            ]
        },
        {
            "file_path": "images/frame_00266.png",
            "transform_matrix": [
                [
                    0.0237145019310948,
                    -0.8007230071728567,
                    -0.5985651912550692,
                    0.48394833347171584
                ],
                [
                    -0.940989068208523,
                    0.18431410497733988,
                    -0.2838448241882466,
                    1.680035006568679
                ],
                [
                    0.33760508869123185,
                    0.5699745402125077,
                    -0.7491006792142995,
                    3.742222114985598
                ],
                [
                    0.0,
                    0.0,
                    0.0,
                    1.0
                ]
            ]
        },
        {
            "file_path": "images/frame_00265.png",
            "transform_matrix": [
                [
                    0.046767406907806806,
                    -0.8627085244130885,
                    -0.5035343201372781,
                    0.42824254089351665
                ],
                [
                    -0.8092130666719421,
                    0.26282115854703314,
                    -0.5254514738273995,
                    1.641810997563325
                ],
                [
                    0.5856509390229907,
                    0.432040554259651,
                    -0.6858235466185914,
                    3.5569662685871664
                ],
                [
                    0.0,
                    0.0,
                    0.0,
                    1.0
                ]
            ]
        },
        {
            "file_path": "images/frame_00264.png",
            "transform_matrix": [
                [
                    0.036392677990373525,
                    -0.8822760861481528,
                    -0.4693234287778377,
                    0.4112801359142497
                ],
                [
                    -0.6917714463554804,
                    0.3166832927658381,
                    -0.6489714616916773,
                    1.5384797100215675
                ],
                [
                    0.7211988900406979,
                    0.3482823565644455,
                    -0.5988084511010017,
                    3.4386577954203696
                ],
                [
                    0.0,
                    0.0,
                    0.0,
                    1.0
                ]
            ]
        },
        {
            "file_path": "images/frame_00263.png",
            "transform_matrix": [
                [
                    0.026306970100157225,
                    -0.8757705073184475,
                    -0.4820103337433113,
                    0.4304442730685124
                ],
                [
                    -0.6446147456272309,
                    0.3536758897586992,
                    -0.677779606305274,
                    1.377406997013638
                ],
                [
                    0.7640548233236204,
                    0.32854129651321073,
                    -0.5552304417458834,
                    3.317155408474792
                ],
                [
                    0.0,
                    0.0,
                    0.0,
                    1.0
                ]
            ]
        },
        {
            "file_path": "images/frame_00262.png",
            "transform_matrix": [
                [
                    0.026676699518872245,
                    -0.8556289222163075,
                    -0.5169018293348745,
                    0.42394810473223443
                ],
                [
                    -0.6600110495975481,
                    0.3732813004461372,
                    -0.6519558920252067,
                    1.0541382538398871
                ],
                [
                    0.7507821042832082,
                    0.35855295034931806,
                    -0.5547666299299883,
                    2.9982936793372716
                ],
                [
                    0.0,
                    0.0,
                    0.0,
                    1.0
                ]
            ]
        },
        {
            "file_path": "images/frame_00261.png",
            "transform_matrix": [
                [
                    0.02775258435908966,
                    -0.8466847395011775,
                    -0.5313706295583288,
                    0.37195759565761594
                ],
                [
                    -0.676589274845675,
                    0.37539325234373677,
                    -0.6334878524948956,
                    0.8753982867405847
                ],
                [
                    0.735837446196641,
                    0.37710059399398277,
                    -0.5624396810184983,
                    2.7663957555939125
                ],
                [
                    0.0,
                    0.0,
                    0.0,
                    1.0
                ]
            ]
        },
        {
            "file_path": "images/frame_00260.png",
            "transform_matrix": [
                [
                    0.014327749545824617,
                    -0.8555754139057286,
                    -0.5174798804910132,
                    0.3483064514244475
                ],
                [
                    -0.6929521795195571,
                    0.36460111579743154,
                    -0.6219994399180458,
                    0.686062687325767
                ],
                [
                    0.7208411700867584,
                    0.36750066323655667,
                    -0.5876489343380481,
                    2.517169873001278
                ],
                [
                    0.0,
                    0.0,
                    0.0,
                    1.0
                ]
            ]
        },
        {
            "file_path": "images/frame_00259.png",
            "transform_matrix": [
                [
                    -0.02020707629563705,
                    -0.8822632345137228,
                    -0.4703225054076894,
                    0.2696147809095772
                ],
                [
                    -0.7441893542713292,
                    0.32741800571265595,
                    -0.5822195930440414,
                    0.4580414866111652
                ],
                [
                    0.6676629981186647,
                    0.3382440458611664,
                    -0.6631870674121023,
                    2.2423445652668974
                ],
                [
                    0.0,
                    0.0,
                    0.0,
                    1.0
                ]
            ]
        },
        {
            "file_path": "images/frame_00258.png",
            "transform_matrix": [
                [
                    -0.08111374464427307,
                    -0.9230635625760751,
                    -0.37599763280391524,
                    0.2017622162124461
                ],
                [
                    -0.8560873907634684,
                    0.25771261292887626,
                    -0.44799396035344835,
                    0.25349842215325447
                ],
                [
                    0.510426233461388,
                    0.28554836469805844,
                    -0.8111271118713053,
                    1.8699563719647287
                ],
                [
                    0.0,
                    0.0,
                    0.0,
                    1.0
                ]
            ]
        },
        {
            "file_path": "images/frame_00127.png",
            "transform_matrix": [
                [
                    0.07132476183175429,
                    -0.9922122469446003,
                    0.1021157938949252,
                    -0.2200344873791835
                ],
                [
                    0.9010456508681074,
                    0.10800293337522056,
                    0.42006202093740463,
                    -1.2559610587931382
                ],
                [
                    -0.42781948693498334,
                    0.062050168376040604,
                    0.9017318133476231,
                    1.766294263322472
                ],
                [
                    0.0,
                    0.0,
                    0.0,
                    1.0
                ]
            ]
        },
        {
            "file_path": "images/frame_00126.png",
            "transform_matrix": [
                [
                    0.07261284436013006,
                    -0.9972216791262175,
                    0.016622199451910333,
                    -0.09064757850383912
                ],
                [
                    0.97097504332606,
                    0.07449020143865324,
                    0.22728544856102117,
                    -0.8459633305415595
                ],
                [
                    -0.22789216764050335,
                    -0.00036410206869073603,
